person 0.793374 149.85 49.64 203.12 137.85
person 0.777393 119.38 55.09 216.74 204.38
person 0.741483 58.08 31.13 121.91 116.08
person 0.696486 15.05 43.61 81.92 200.14
person 0.692068 13.03 47.95 61.80 149.62
person 0.675254 0.90 46.70 60.62 209.44
person 0.668644 128.61 43.40 176.63 139.24
person 0.621050 68.03 35.41 135.82 126.46
person 0.600195 12.11 45.51 118.30 224.00
person 0.599489 76.90 69.95 224.00 224.00
person 0.590007 69.02 77.85 128.40 149.74
person 0.532839 136.72 89.15 224.00 209.85
person 0.507107 18.84 69.09 165.13 224.00
person 0.497857 200.26 74.40 224.00 157.01
diningtable 0.496711 12.04 62.39 173.08 224.00
person 0.474224 147.76 55.91 211.88 173.21
person 0.456954 65.78 26.04 127.35 87.98
diningtable 0.422764 53.18 77.24 218.42 224.00
person 0.411888 165.37 57.94 224.00 192.15
person 0.402268 29.96 57.13 138.24 199.14
