motorbike 0.795986 0.00 78.49 152.71 212.25
motorbike 0.783534 115.97 64.00 220.35 220.45
person 0.741130 19.81 9.47 111.00 163.98
person 0.673778 17.94 43.33 131.92 212.23
person 0.647237 135.89 22.47 173.45 78.60
person 0.636301 21.62 11.63 28.00 50.42
motorbike 0.634520 54.99 72.56 209.07 216.42
person 0.555644 185.82 31.45 207.71 81.32
person 0.497075 19.36 10.22 30.57 53.33
person 0.485181 87.51 45.40 193.67 211.10
person 0.437287 191.93 30.22 212.25 81.67
person 0.405697 16.95 13.41 32.57 68.65
