person 0.892603 85.84 15.20 144.23 111.54
person 0.623221 165.00 4.22 208.79 109.52
person 0.558478 121.61 9.33 174.26 120.82
person 0.553804 188.88 5.06 219.59 133.25
person 0.529271 4.35 33.68 65.68 92.72
person 0.517974 136.17 7.76 189.92 121.45
person 0.488653 0.00 21.94 71.94 110.93
person 0.478861 196.95 0.00 223.86 101.93
person 0.469987 183.89 0.08 219.71 191.36
person 0.462407 101.46 12.90 165.68 109.94
person 0.431551 57.30 25.37 150.54 118.73
person 0.416341 154.57 14.24 202.79 122.04
