person 0.800668 181.78 76.16 222.03 224.00
person 0.791674 14.18 50.81 63.31 202.49
person 0.764584 164.01 71.91 194.55 130.72
person 0.687160 51.24 45.56 124.42 132.15
person 0.671050 113.57 55.95 150.03 110.20
person 0.653416 28.07 21.74 100.92 125.20
diningtable 0.535479 36.08 105.50 202.54 224.00
person 0.529271 1.36 55.61 48.65 216.15
person 0.508937 164.54 63.36 192.24 115.70
person 0.451125 4.64 60.34 72.05 169.67
person 0.448546 11.72 40.23 93.76 142.98
person 0.420575 27.69 37.37 77.67 147.84
person 0.417420 64.91 53.59 115.15 120.60
person 0.400685 167.20 63.61 214.38 145.36
