bicycle 0.753307 4.60 101.78 66.28 188.71
person 0.750274 10.21 57.37 66.27 150.65
bicycle 0.658013 138.49 105.51 224.00 199.55
bicycle 0.637032 80.83 107.26 155.40 185.14
person 0.595617 168.02 61.58 219.09 164.97
bicycle 0.508504 159.68 77.71 224.00 180.43
person 0.507639 83.17 79.13 142.94 181.31
person 0.499604 213.01 3.59 224.00 44.09
bicycle 0.496389 175.80 95.19 223.84 192.81
bicycle 0.486027 112.51 108.65 201.51 194.58
bicycle 0.464987 9.67 70.02 68.62 176.20
bicycle 0.453850 98.81 107.98 169.49 190.69
person 0.443857 72.34 12.52 96.84 32.76
person 0.435884 178.18 79.09 220.22 189.40
person 0.416838 9.69 72.26 58.09 176.52
person 0.400647 67.24 14.53 92.47 33.66
