person 0.824165 130.81 111.30 153.41 166.24
person 0.759992 197.53 110.12 222.38 190.17
person 0.698199 190.63 113.74 219.97 202.24
person 0.673984 106.34 117.30 126.07 167.33
person 0.654371 40.40 96.76 58.75 128.98
person 0.639325 169.38 114.84 191.99 161.54
motorbike 0.603563 2.81 125.62 87.17 217.42
person 0.598003 94.26 137.62 134.80 224.00
person 0.580926 161.51 115.87 184.09 162.20
person 0.503271 99.72 125.41 131.38 208.40
person 0.450705 14.54 106.91 36.71 137.48
person 0.435641 11.96 125.57 69.61 217.93
person 0.404109 174.42 109.92 196.80 171.78
