person 0.883301 151.55 37.79 222.72 222.20
person 0.799417 102.12 58.46 162.44 138.40
person 0.693431 42.27 72.71 90.49 206.43
person 0.692272 108.73 76.23 189.72 217.52
person 0.691391 106.39 120.95 172.10 221.90
person 0.651995 21.41 56.53 81.04 125.01
person 0.648102 128.89 58.23 202.02 214.31
person 0.611261 0.00 60.50 80.26 215.10
person 0.598485 7.69 43.77 77.71 139.37
person 0.585485 46.78 51.53 101.03 120.99
person 0.552512 15.09 98.84 82.76 218.34
person 0.532309 66.51 55.89 117.94 121.11
person 0.522061 57.81 97.47 101.16 214.05
person 0.519937 82.76 45.55 165.69 130.66
person 0.456895 94.63 66.05 143.40 139.38
person 0.449804 1.67 49.80 35.59 132.46
person 0.449559 81.88 83.78 127.17 214.80
person 0.423649 50.18 46.36 121.95 130.29
