person 0.736271 130.19 27.57 195.32 132.98
person 0.735730 1.15 22.40 37.51 134.37
person 0.651097 49.68 20.85 123.62 128.88
person 0.645996 26.80 35.31 52.24 128.47
person 0.645085 189.85 45.50 222.31 152.89
person 0.638989 8.52 37.62 45.33 140.64
person 0.595274 41.55 26.36 67.73 94.90
person 0.558371 34.89 35.83 59.62 109.93
person 0.496189 45.04 15.55 68.04 77.23
person 0.466524 134.99 36.34 189.45 106.75
person 0.437780 57.36 28.63 115.94 109.48
person 0.431059 158.81 40.06 207.41 150.32
bottle 0.420559 99.09 110.52 167.99 224.00
person 0.413852 43.51 54.40 117.14 177.94
