person 0.819068 188.44 56.26 218.44 129.48
person 0.795459 1.90 56.93 18.88 120.04
person 0.724778 54.59 57.92 97.61 160.25
person 0.705388 134.77 76.08 164.55 153.72
person 0.671164 153.73 60.62 184.20 138.16
person 0.649964 99.25 65.10 125.60 144.84
bicycle 0.642660 60.15 110.27 96.69 177.22
person 0.620070 143.45 66.19 177.94 148.58
person 0.553828 103.51 72.30 131.66 155.44
person 0.548820 16.29 55.67 41.98 112.37
person 0.543718 161.62 56.03 190.29 130.59
bicycle 0.543672 133.94 90.50 165.30 158.16
person 0.541017 63.51 64.33 91.51 167.10
person 0.522121 5.91 55.11 25.14 118.79
person 0.503274 196.84 55.31 224.00 132.68
person 0.462075 176.14 58.72 208.93 126.51
person 0.460158 93.68 52.06 116.08 104.80
bicycle 0.440915 103.82 106.21 134.62 171.63
person 0.434878 130.28 58.96 156.86 142.78
