person 0.759138 56.50 23.99 130.64 116.96
person 0.755875 115.63 19.70 182.53 130.12
person 0.755234 17.94 24.75 78.42 117.69
person 0.727892 0.00 93.82 59.01 223.96
person 0.726631 148.58 61.11 221.57 224.00
person 0.707450 29.21 54.52 175.16 221.81
person 0.603317 108.21 26.00 170.15 172.27
person 0.580066 42.25 89.58 150.69 223.67
person 0.568757 80.60 16.74 170.44 123.00
person 0.556716 95.85 28.22 182.48 202.15
person 0.535934 54.57 23.14 147.80 154.88
person 0.532057 58.34 31.66 163.70 194.21
person 0.526429 109.67 62.60 208.36 212.02
person 0.487100 7.69 63.02 59.46 202.24
person 0.475469 44.10 41.97 137.52 183.39
person 0.468634 24.84 93.72 94.53 222.46
person 0.409453 11.76 46.94 65.90 167.13
person 0.403557 25.73 54.76 74.80 185.14
person 0.400224 28.03 22.94 101.73 115.28
