person 0.865019 134.64 116.96 161.72 185.75
person 0.748071 2.81 114.00 27.85 175.50
person 0.747464 168.30 116.81 196.43 181.14
person 0.735596 205.87 112.11 224.00 170.26
person 0.695460 99.36 113.29 128.25 177.62
person 0.672922 67.08 109.27 106.10 174.64
person 0.653492 39.58 116.19 69.85 172.83
horse 0.653019 61.90 129.88 111.79 194.95
person 0.571204 85.16 112.32 125.38 183.90
horse 0.524471 37.54 121.17 80.77 184.00
horse 0.458875 45.97 127.99 97.69 193.55
person 0.453889 61.32 114.23 112.17 190.89
person 0.425700 40.61 112.41 63.23 156.98
person 0.401526 175.77 119.02 203.25 180.33
