person 0.740947 118.23 92.67 165.89 212.19
person 0.724638 169.14 90.17 224.00 215.22
person 0.621961 47.20 116.00 103.16 214.06
person 0.591681 124.37 90.54 184.36 217.67
person 0.559377 104.85 96.33 153.84 210.87
person 0.524707 145.86 109.27 224.00 224.00
person 0.520923 60.02 102.81 123.50 215.28
person 0.449336 70.25 81.55 132.87 188.39
person 0.433668 129.68 154.49 214.57 220.37
person 0.425512 40.01 74.16 119.48 181.87
person 0.424032 123.78 124.48 206.06 224.00
person 0.411130 100.75 106.96 141.11 221.30
