person 0.724011 0.00 69.50 34.89 215.91
person 0.688591 98.74 68.09 155.14 187.21
person 0.612816 57.71 47.12 84.46 146.86
person 0.590280 34.97 56.07 86.70 192.06
motorbike 0.579317 90.77 86.11 162.23 193.47
person 0.506381 8.01 73.56 56.30 160.65
person 0.466537 131.87 44.21 159.90 134.31
person 0.459964 187.31 61.20 223.19 157.33
person 0.454419 9.69 64.64 58.35 202.52
person 0.449575 89.64 50.21 152.32 156.94
motorbike 0.414758 189.91 78.22 224.00 153.98
person 0.404514 8.09 77.26 44.39 120.84
person 0.401132 4.25 64.42 73.56 171.40
