person 0.889920 92.51 21.49 141.24 96.68
diningtable 0.872544 14.52 58.37 224.00 214.52
person 0.848001 148.28 43.24 195.99 121.70
person 0.796444 2.91 50.16 54.90 176.43
person 0.673648 171.63 16.52 204.23 62.65
person 0.659320 148.48 46.90 211.39 142.34
person 0.651496 13.82 44.84 55.83 149.69
person 0.625613 170.57 54.68 222.19 169.92
person 0.565001 57.66 56.97 88.83 88.20
person 0.506504 163.12 23.14 198.01 69.14
person 0.494563 151.68 37.73 191.24 90.77
person 0.415893 206.22 61.25 224.00 156.51
person 0.407886 126.70 51.84 222.63 193.26
