person 0.827831 2.84 39.48 91.93 224.00
person 0.827480 158.25 41.28 204.08 136.14
bottle 0.692886 113.21 74.99 129.94 134.26
bottle 0.692260 122.37 52.71 141.99 114.51
person 0.687826 58.39 31.15 102.88 122.52
person 0.664266 199.10 59.20 224.00 163.10
person 0.661576 178.17 57.16 224.00 184.00
person 0.616534 23.74 24.17 93.04 174.67
bottle 0.562862 121.77 64.36 138.11 127.73
diningtable 0.503234 62.23 87.29 219.44 204.36
diningtable 0.499322 70.13 131.59 224.00 214.88
person 0.488327 159.93 49.02 213.01 166.54
bottle 0.476731 120.20 40.75 143.53 93.61
bottle 0.469197 128.26 59.43 143.72 121.42
bottle 0.465914 116.60 63.77 134.90 132.41
person 0.431444 182.12 50.55 222.45 141.96
person 0.404111 128.31 84.52 219.15 200.33
