person 0.812821 199.43 56.47 220.70 92.23
person 0.810468 113.68 50.93 219.99 224.00
bottle 0.726978 3.90 115.40 19.12 175.46
person 0.711678 20.34 42.16 117.04 222.19
person 0.685483 0.47 47.97 42.90 208.54
person 0.663789 10.25 46.23 78.69 218.64
person 0.640104 34.66 29.74 168.76 218.91
person 0.613861 0.00 53.89 30.33 155.54
person 0.596293 103.92 38.56 192.20 139.11
person 0.586469 84.02 45.25 134.34 125.49
person 0.512502 1.50 48.48 50.31 153.27
person 0.505168 69.72 38.68 208.93 218.38
person 0.499808 126.49 42.39 197.37 119.51
person 0.486176 93.58 43.01 166.31 134.15
person 0.436671 1.70 69.24 20.44 162.35
