person 0.905816 0.00 108.30 73.58 213.56
person 0.778899 55.84 46.21 128.61 142.38
person 0.758510 181.82 49.58 224.00 211.72
person 0.706729 131.42 38.10 182.66 145.64
person 0.623477 138.14 41.90 189.84 177.12
person 0.576643 155.83 50.90 206.09 203.52
person 0.521182 134.23 146.40 204.35 224.00
person 0.512172 3.93 118.83 121.09 212.15
person 0.461753 26.64 135.18 143.86 222.45
person 0.448333 135.43 77.59 204.69 213.13
person 0.446718 163.57 68.06 223.37 220.44
person 0.431494 24.14 47.10 131.72 183.86
person 0.427461 10.30 82.85 137.92 205.41
