person 0.877996 162.54 52.05 213.11 134.98
person 0.650567 67.55 52.16 143.21 147.29
person 0.601541 39.23 66.23 95.86 151.39
person 0.586888 74.38 65.22 214.36 224.00
person 0.509764 65.09 69.23 122.42 135.07
person 0.490251 154.58 52.20 218.19 173.15
person 0.483587 175.31 59.88 218.78 144.16
person 0.478969 121.45 61.85 158.22 143.69
person 0.472784 109.76 49.75 218.07 197.99
person 0.427046 126.46 66.57 152.91 130.96
person 0.415283 46.31 58.71 119.93 150.65
person 0.410581 111.15 60.23 167.24 151.95
