person 0.837596 52.79 48.00 106.74 158.15
person 0.755710 5.72 61.81 40.61 163.77
person 0.726661 172.08 25.49 216.22 164.47
person 0.642764 124.07 39.95 169.03 160.89
person 0.502614 105.25 41.50 143.08 150.90
person 0.491508 2.11 64.45 32.56 148.66
person 0.482944 151.84 31.48 194.86 161.45
person 0.472396 115.77 38.92 153.46 152.77
person 0.471047 4.04 101.57 36.90 167.43
dog 0.414359 52.33 55.82 109.55 165.36
person 0.402259 87.56 45.95 139.26 156.44
person 0.401163 15.99 50.07 66.15 157.15
