person 0.815179 131.95 88.76 184.64 182.04
person 0.790406 41.54 79.69 102.89 219.45
person 0.638222 116.21 74.64 179.95 178.12
person 0.637941 0.37 94.09 48.57 218.93
person 0.597747 100.86 75.15 162.64 174.43
motorbike 0.569392 38.06 142.61 93.28 224.00
person 0.549781 11.87 92.10 71.37 217.83
person 0.528814 140.96 84.00 204.94 181.58
person 0.525368 46.74 69.74 104.26 176.35
person 0.502748 52.42 85.85 137.57 209.12
horse 0.454884 74.59 146.14 131.69 224.00
person 0.437736 116.65 89.15 164.37 197.25
