person 0.861459 71.93 104.05 131.21 189.39
person 0.658041 51.23 0.00 77.75 59.80
person 0.639064 103.15 43.28 207.28 175.78
person 0.623801 63.16 22.69 213.11 178.68
person 0.603676 0.00 0.00 22.56 57.84
person 0.590633 143.32 51.78 208.63 172.93
person 0.590412 41.44 0.00 60.63 53.95
person 0.559731 84.78 2.29 99.77 53.88
person 0.522001 35.61 0.00 54.83 51.63
person 0.505268 68.03 58.17 168.96 186.15
person 0.476469 25.99 0.00 48.11 51.52
person 0.472220 103.57 5.16 131.81 48.42
person 0.456725 214.26 0.00 224.00 64.78
person 0.435058 5.77 0.00 33.11 57.59
person 0.427029 40.40 6.77 65.43 61.89
person 0.410480 15.77 0.00 42.70 55.58
person 0.400839 79.08 2.94 97.48 55.33
