person 0.696095 120.17 31.13 142.97 77.55
motorbike 0.612537 41.17 44.10 128.16 220.04
person 0.555037 17.34 52.64 105.79 203.64
person 0.551871 0.00 53.02 20.16 144.23
person 0.529259 166.81 56.67 190.97 89.06
person 0.506717 4.84 53.91 62.90 187.86
person 0.467128 3.44 50.82 32.53 162.49
motorbike 0.449368 17.45 51.63 104.53 202.89
person 0.428447 31.08 38.55 128.44 211.38
person 0.421078 80.91 40.24 110.32 70.49
person 0.403477 195.41 52.96 212.36 83.30
motorbike 0.402089 103.49 67.54 169.24 211.33
