person 0.839832 134.25 73.46 207.77 210.37
person 0.836676 26.93 46.37 79.56 140.25
person 0.821529 4.34 45.76 52.73 190.06
person 0.796044 76.86 51.03 126.19 133.95
person 0.785911 3.74 43.83 66.47 143.85
person 0.691637 0.00 52.34 100.82 217.00
person 0.634650 15.14 89.97 144.01 216.35
person 0.614884 116.21 73.79 173.03 206.26
person 0.592834 122.76 45.07 169.90 149.57
person 0.544556 12.43 54.17 78.66 184.69
chair 0.480035 183.43 73.97 223.05 146.10
person 0.441895 80.39 52.48 145.37 148.24
person 0.409781 71.79 64.45 156.88 196.92
person 0.408458 132.24 52.34 187.15 167.24
